 0.009098 -0.004780  0.024033 -0.014947 
-0.004780 -0.009098 -0.011258  0.020210 
 0.024033 -0.011258 -0.011570 -0.017383 
-0.014947  0.020210 -0.017383  0.073787 

-0.002331 -0.002184  0.009201 -0.002846 
-0.002184  0.002331 -0.009611  0.017903 
 0.009201 -0.009611 -0.007038 -0.009331 
-0.002846  0.017903 -0.009331  0.041083 

-0.013032 -0.005248  0.005970  0.000483 
-0.005248  0.013032 -0.020370  0.030949 
 0.005970 -0.020370 -0.010948 -0.013784 
 0.000483  0.030949 -0.013784  0.051648 
